[	0.00922541072452161	0.00109485870056853	0.00366430015398741	0.0046522773857423	0.00215097501538265	0.00556699454314546	0.00197828748902456	0.00267011636697351	0.0073600151520897	0.0059218018670596	0.00174177097831513	0.0032085033671672	0.00661519929547639	0.0042686320149593	0.00515989442879289	0.00793009161152511	0.00445958429749421	0.00408589214999019	0.000551707228904027	0.00182999787148156	]
[	0.00109485870056853	0.000440411213112493	0.000717537532067431	0.00091627263572262	0.000488313602168083	0.000917370669427161	0.000436029126084962	0.000590466859737649	0.000894417290802434	0.0012092493228902	0.000368796434913465	0.000633574793212348	0.00100486503725251	0.000798942259862201	0.00111743477237431	0.00152429171806306	0.000833321768561284	0.000708306149284697	0.000113137727991689	0.000406984651771265	]
[	0.00366430015398741	0.000717537532067431	0.00268770805844452	0.00308415554602167	0.00145430878645832	0.00298151130967799	0.00121634106557375	0.00196194743521951	0.00331515775789177	0.00367675950388644	0.0010838431224383	0.00228463432849303	0.00327849418205329	0.00241166538754132	0.00274002024340885	0.00472814505796318	0.00263998916592173	0.00231525172658088	0.000349674307202525	0.00118299570273431	]
[	0.0046522773857423	0.00091627263572262	0.00308415554602167	0.00411296320804807	0.0017768550989541	0.00374075434673174	0.00150062587510028	0.00232530674737612	0.00418745865519777	0.00463566610526738	0.00133387897803748	0.00267763049183697	0.00419018604768635	0.00305573556188635	0.00344903683351409	0.00580143861206773	0.00325094578787776	0.00291444654995066	0.000435980592631173	0.00144756914595108	]
[	0.00215097501538265	0.000488313602168083	0.00145430878645832	0.0017768550989541	0.00104066726730614	0.00178457507674807	0.000729180981525813	0.00120838862787118	0.00187085233593466	0.00236637276610465	0.000670719554797206	0.00140000071764533	0.00203670573356468	0.00149213007809771	0.00160112519136211	0.00285782579192023	0.00164455007168522	0.00141174454535553	0.000225276027728868	0.000748332171712288	]
[	0.00556699454314546	0.000917370669427161	0.00298151130967799	0.00374075434673174	0.00178457507674807	0.005276846676849	0.00163882944646586	0.00217406619097806	0.00415654927562878	0.00464879849180681	0.00140916570333528	0.00271200225957701	0.00497072481677629	0.00320151393390995	0.00383615027189134	0.00618549859687419	0.00337933333691979	0.003019798525216	0.000459366608165738	0.00152165094208364	]
[	0.00197828748902456	0.000436029126084962	0.00121634106557375	0.00150062587510028	0.000729180981525813	0.00163882944646586	0.000881995228429741	0.000943203045275235	0.00154663376921337	0.00194241068831222	0.000603028644671331	0.00120037867896105	0.00186045059067569	0.00149534234065701	0.00145049711867217	0.00261692342249614	0.00141684883487479	0.00119464524490875	0.000177474130659218	0.000670991780039524	]
[	0.00267011636697351	0.000590466859737649	0.00196194743521951	0.00232530674737612	0.00120838862787118	0.00217406619097806	0.000943203045275235	0.00182114492671214	0.00257158759444349	0.00304209764517584	0.000885513801728771	0.00189683979924609	0.00242768779180784	0.00194349768068555	0.00216140761399188	0.00366556721535297	0.00217443397620182	0.00189687013167182	0.000266310346617333	0.000954640032321337	]
[	0.0073600151520897	0.000894417290802434	0.00331515775789177	0.00418745865519777	0.00187085233593466	0.00415654927562878	0.00154663376921337	0.00257158759444349	0.00832922042312416	0.00500689004464879	0.00145976178848466	0.00297144396824899	0.00532309614628035	0.00315175449634313	0.00420833604100202	0.00658846446010637	0.00379169621597649	0.0036082103163195	0.000435601012295952	0.00155305675467487	]
[	0.0059218018670596	0.0012092493228902	0.00367675950388644	0.00463566610526738	0.00236637276610465	0.00464879849180681	0.00194241068831222	0.00304209764517584	0.00500689004464879	0.00650122899298075	0.00171790759290977	0.00350541295565303	0.00536701008881847	0.00402164201661449	0.00425551540572565	0.00747846001096284	0.0042979781791071	0.0037336454088453	0.000585149665965332	0.0018831029184444	]
[	0.00174177097831513	0.000368796434913465	0.0010838431224383	0.00133387897803748	0.000670719554797206	0.00140916570333528	0.000603028644671331	0.000885513801728771	0.00145976178848466	0.00171790759290977	0.00064522812686487	0.00108106990353069	0.00157596228347638	0.00122740572918329	0.00135206287554825	0.00218918186143418	0.00123075712517824	0.00108372595230152	0.000172173919026256	0.000586235221600736	]
[	0.0032085033671672	0.000633574793212348	0.00228463432849303	0.00267763049183697	0.00140000071764533	0.00271200225957701	0.00120037867896105	0.00189683979924609	0.00297144396824899	0.00350541295565303	0.00108106990353069	0.0027946342077133	0.00303253774845547	0.00252498793487673	0.00237454985407363	0.00465255552021743	0.00260260658147791	0.00211151271758857	0.000319846872972235	0.001159749022308	]
[	0.00661519929547639	0.00100486503725251	0.00327849418205329	0.00419018604768635	0.00203670573356468	0.00497072481677629	0.00186045059067569	0.00242768779180784	0.00532309614628035	0.00536701008881847	0.00157596228347638	0.00303253774845547	0.00642056485979376	0.00375133385131755	0.00445313967049348	0.00727177006716732	0.00398238735374912	0.00351873990711149	0.000536430143317628	0.00174890102885792	]
[	0.0042686320149593	0.000798942259862201	0.00241166538754132	0.00305573556188635	0.00149213007809771	0.00320151393390995	0.00149534234065701	0.00194349768068555	0.00315175449634313	0.00402164201661449	0.00122740572918329	0.00252498793487673	0.00375133385131755	0.00369223039273303	0.0031052528402222	0.00516026742472703	0.00292516184654672	0.00246797391847346	0.000366983623677867	0.00132102983131626	]
[	0.00515989442879289	0.00111743477237431	0.00274002024340885	0.00344903683351409	0.00160112519136211	0.00383615027189134	0.00145049711867217	0.00216140761399188	0.00420833604100202	0.00425551540572565	0.00135206287554825	0.00237454985407363	0.00445313967049348	0.0031052528402222	0.0073185471899356	0.00618497767937829	0.00306738659582372	0.00284396049838512	0.000411163495744056	0.00143744003692209	]
[	0.00793009161152511	0.00152429171806306	0.00472814505796318	0.00580143861206773	0.00285782579192023	0.00618549859687419	0.00261692342249614	0.00366556721535297	0.00658846446010637	0.00747846001096284	0.00218918186143418	0.00465255552021743	0.00727177006716732	0.00516026742472703	0.00618497767937829	0.0107236329664117	0.00557175125002282	0.00459601608006217	0.000694291305215385	0.00242056104503345	]
[	0.00445958429749421	0.000833321768561284	0.00263998916592173	0.00325094578787776	0.00164455007168522	0.00337933333691979	0.00141684883487479	0.00217443397620182	0.00379169621597649	0.0042979781791071	0.00123075712517824	0.00260260658147791	0.00398238735374912	0.00292516184654672	0.00306738659582372	0.00557175125002282	0.00338092406669778	0.00272176023195404	0.000392837622263694	0.00136626089696995	]
[	0.00408589214999019	0.000708306149284697	0.00231525172658088	0.00291444654995066	0.00141174454535553	0.003019798525216	0.00119464524490875	0.00189687013167182	0.0036082103163195	0.0037336454088453	0.00108372595230152	0.00211151271758857	0.00351873990711149	0.00246797391847346	0.00284396049838512	0.00459601608006217	0.00272176023195404	0.00260765307908668	0.00036063535130986	0.00115489463256601	]
[	0.000551707228904027	0.000113137727991689	0.000349674307202525	0.000435980592631173	0.000225276027728868	0.000459366608165738	0.000177474130659218	0.000266310346617333	0.000435601012295952	0.000585149665965332	0.000172173919026256	0.000319846872972235	0.000536430143317628	0.000366983623677867	0.000411163495744056	0.000694291305215385	0.000392837622263694	0.00036063535130986	8.9865558752671e-05	0.000189874749734174	]
[	0.00182999787148156	0.000406984651771265	0.00118299570273431	0.00144756914595108	0.000748332171712288	0.00152165094208364	0.000670991780039524	0.000954640032321337	0.00155305675467487	0.0018831029184444	0.000586235221600736	0.001159749022308	0.00174890102885792	0.00132102983131626	0.00143744003692209	0.00242056104503345	0.00136626089696995	0.00115489463256601	0.000189874749734174	0.000750379014912891	]
